LA-256-1 2783941 535531 827
LRUAD-256-1 3680130 385266 2366
LHDAD-256-1 2899751 516120 1004
TwoQ-256-1 2990702 500937 1053
LRUK-256-1 2936486 510010 1001
LHD-256-1 2898952 516275 973
LRU-256-1 3683260 384740 2372
Belady-256-1 2020456 662864 680
AD-256-1 5338238 102914 12628
LA-256-10 6954187 535471 1729
LRUAD-256-10 9171280 385927 4994
LHDAD-256-10 7186268 519882 1962
TwoQ-256-10 7468583 500926 2203
LRUK-256-10 7332787 510028 2115
LHD-256-10 7224825 517282 2004
LRU-256-10 9196567 384215 5041
Belady-256-10 5049450 662650 1386
AD-256-10 12888007 132279 10315
LA-256-100 48224198 535410 10540
LRUAD-256-100 62273341 393072 27509
LHDAD-256-100 50284774 514907 12274
TwoQ-256-100 51762399 500185 13559
LRUK-256-100 50770038 509958 12952
LHD-256-100 50355861 514205 12321
LRU-256-100 63600219 378928 30481
Belady-256-100 35234037 660033 8749
AD-256-100 81449590 217898 6869
LA-8-1000 745576135 101142 313529
LA-16-1000 714790343 151229 274628
LA-32-1000 675324388 210997 233902
LA-64-1000 616942115 293765 184361
LA-128-1000 534634456 402844 129960
LA-256-1000 427116355 535021 79682
LA-512-1000 291841052 690498 38049
LRUAD-8-1000 757895583 78123 334854
LRUAD-16-1000 729718169 124306 298540
LRUAD-32-1000 692453948 181749 257910
LRUAD-64-1000 641092210 255654 212630
LRUAD-128-1000 565782831 356745 160259
LRUAD-256-1000 482531861 460344 118897
LRUAD-512-1000 361112032 605082 71180
LHDAD-8-1000 750207049 92227 322243
LHDAD-16-1000 718683699 143772 281766
LHDAD-32-1000 680959594 200730 242935
LHDAD-64-1000 634092462 265689 206420
LHDAD-128-1000 562011585 362902 155506
LHDAD-256-1000 456518909 495791 99802
LHDAD-512-1000 315407730 661791 48530
TwoQ-256-1000 457529919 494599 99767
LRUK-256-1000 445984785 509578 93043
LHD-256-1000 465354825 483415 107006
LRU-8-1000 795115433 10458 396450
LRU-16-1000 787102875 22013 389187
LRU-32-1000 770043687 47567 372094
LRU-64-1000 733101290 103501 333731
LRU-128-1000 666944439 200149 271754
LRU-256-1000 559431331 348775 188875
LRU-512-1000 403286087 548420 100557
Belady-256-1000 328709926 638375 69150
AD-256-1000 528687719 448955 28045
LA-256-2000 801908088 534334 130950
LRUAD-256-2000 851052646 496578 157604
LHDAD-256-2000 849782199 497774 156427
TwoQ-256-2000 859527751 490939 160359
LRUK-256-2000 833980185 509569 148518
LHD-256-2000 880813487 473230 174621
LRU-256-2000 1051728147 335825 278951
Belady-256-2000 642562335 620459 117860
AD-256-2000 903834201 461718 116767
LA-256-5000 1790800700 532746 219064
LRUAD-256-5000 1867093025 505545 242941
LHDAD-256-5000 1850194124 511695 237514
TwoQ-256-5000 1930532978 483847 261204
LRUK-256-5000 1858657019 508305 240889
LHD-256-5000 1961972841 471627 273093
LRU-256-5000 2363848107 325753 403614
Belady-256-5000 1540384842 588160 208010
AD-256-5000 1792076471 524306 200955
LA-256-10000 3252902446 530041 290103
LRUAD-256-10000 3363448147 509084 310086
LHDAD-256-10000 3329928196 515417 304042
TwoQ-256-10000 3547329897 474517 342138
LRUK-256-10000 3360854342 509461 309819
LHD-256-10000 3545498348 474446 342938
LRU-256-10000 4326538910 326739 483043
Belady-256-10000 2981585821 558871 287065
AD-256-10000 3110374118 545320 267309
LA-256-20000 5965116211 524147 355600
LRUAD-256-20000 6125809853 508249 371263
LHDAD-256-20000 6079088783 512514 367130
TwoQ-256-20000 6596736880 462658 415418
LRUK-256-20000 6159288888 505077 374347
LHD-256-20000 6469646688 474150 404648
LRU-256-20000 7905105384 334991 540630
Belady-256-20000 5770129687 530522 362459
AD-256-20000 5659370411 545649 332589
LA-256-50000 14002957357 505558 430613
LRUAD-256-50000 14336049071 492896 443218
LHDAD-256-50000 14303168086 493871 442267
TwoQ-256-50000 16057632035 424832 510638
LRUK-256-50000 14475566773 487422 448679
LHD-256-50000 15135193239 461591 474377
LRU-256-50000 18153694026 341365 593660
Belady-256-50000 14376783789 486637 454040
AD-256-50000 13428095271 525595 410503
LA-256-100000 28525875967 472338 490211
LRUAD-256-100000 29144332183 461103 501418
LHDAD-256-100000 29476298428 454078 508457
TwoQ-256-100000 33778311851 370204 591891
LRUK-256-100000 29385246455 456475 506032
LHD-256-100000 30815671799 428046 534342
LRU-256-100000 36684425100 313266 648791
Belady-256-100000 29911232299 442289 522019
AD-256-100000 27418736103 495413 467148
LA-512-1 1852583 691035 347
LRUAD-512-1 2582796 568894 1099
LHDAD-512-1 2064511 655617 503
TwoQ-512-1 2055644 657116 485
LRUK-512-1 1967046 671924 429
LHD-512-1 2002937 665923 442
LRU-512-1 2584186 568661 1101
Belady-512-1 1230257 794818 250
AD-512-1 4268402 284706 6640
LA-512-10 4628859 691004 756
LRUAD-512-10 6443424 569245 2275
LHDAD-512-10 4969962 668157 973
TwoQ-512-10 5135007 657117 1030
LRUK-512-10 4914253 671909 907
LHD-512-10 4993906 666576 939
LRU-512-10 6455293 568448 2290
Belady-512-10 3075051 794711 542
AD-512-10 10403067 301403 6115
LA-512-100 32202671 690943 4658
LRUAD-512-100 44156258 572778 13288
LHDAD-512-100 33500380 678209 5370
TwoQ-512-100 35705570 656737 6378
LRUK-512-100 34154308 671812 5752
LHD-512-100 34268340 670734 5709
LRU-512-100 44831020 565939 14110
Belady-512-100 21498340 793470 3516
AD-512-100 66662997 360732 4683
LA-8-1000 745576135 101142 313529
LA-16-1000 714790343 151229 274628
LA-32-1000 675324388 210997 233902
LA-64-1000 616942115 293765 184361
LA-128-1000 534634456 402844 129960
LA-256-1000 427116355 535021 79682
LA-512-1000 291841052 690498 38049
LRUAD-8-1000 757895583 78123 334854
LRUAD-16-1000 729718169 124306 298540
LRUAD-32-1000 692453948 181749 257910
LRUAD-64-1000 641092210 255654 212630
LRUAD-128-1000 565782831 356745 160259
LRUAD-256-1000 482531861 460344 118897
LRUAD-512-1000 361112032 605082 71180
LHDAD-8-1000 750207049 92227 322243
LHDAD-16-1000 718683699 143772 281766
LHDAD-32-1000 680959594 200730 242935
LHDAD-64-1000 634092462 265689 206420
LHDAD-128-1000 562011585 362902 155506
LHDAD-256-1000 456518909 495791 99802
LHDAD-512-1000 315407730 661791 48530
TwoQ-512-1000 323312758 652174 51954
LRUK-512-1000 307627879 671108 45358
LHD-512-1000 319523367 656600 50763
LRU-8-1000 795115433 10458 396450
LRU-16-1000 787102875 22013 389187
LRU-32-1000 770043687 47567 372094
LRU-64-1000 733101290 103501 333731
LRU-128-1000 666944439 200149 271754
LRU-256-1000 559431331 348775 188875
LRU-512-1000 403286087 548420 100557
Belady-512-1000 203674917 782283 30083
AD-512-1000 442027354 558360 2361
LA-512-2000 555401516 689905 65880
LRUAD-512-2000 639208354 632066 97920
LHDAD-512-2000 601828060 657896 83529
TwoQ-512-2000 616457929 648285 88398
LRUK-512-2000 583535807 670446 76752
LHD-512-2000 619086839 645417 91240
LRU-512-2000 765297207 538700 158983
Belady-512-2000 402731507 771930 54254
AD-512-2000 714424136 641626 3111
LA-512-5000 1260391217 687782 120510
LRUAD-512-5000 1342600693 660968 141445
LHDAD-512-5000 1334273620 663815 139103
TwoQ-512-5000 1406296592 640547 156979
LRUK-512-5000 1318151331 668909 135393
LHD-512-5000 1415313427 636767 160910
LRU-512-5000 1733062442 528895 249489
Belady-512-5000 990937959 748552 106875
AD-512-5000 1340452948 662274 91616
LA-512-10000 2306247528 684413 170546
LRUAD-512-10000 2418913222 663994 188768
LHDAD-512-10000 2397445615 667778 185400
TwoQ-512-10000 2607022797 630189 218662
LRUK-512-10000 2414309312 664574 188541
LHD-512-10000 2575637995 635705 214410
LRU-512-10000 3162547607 528690 311297
Belady-512-10000 1954540372 724832 160013
AD-512-10000 2215094964 690702 144392
LA-512-20000 4234981854 676872 222570
LRUAD-512-20000 4392573818 661736 237065
LHDAD-512-20000 4354851493 665370 233595
TwoQ-512-20000 4884581102 615297 281049
LRUK-512-20000 4413345555 659728 239104
LHD-512-20000 4685229744 633804 263912
LRU-512-20000 5739639686 532971 360156
Belady-512-20000 3876034773 697033 218764
AD-512-20000 3917449435 696942 197462
LA-512-50000 10072325121 653337 291299
LRUAD-512-50000 10330460577 643225 301291
LHDAD-512-50000 10307794597 644194 300380
TwoQ-512-50000 12095910369 573739 369574
LRUK-512-50000 10447257053 638425 306070
LHD-512-50000 11040289420 615203 329043
LRU-512-50000 13186739669 531357 411622
Belady-512-50000 9970717603 650926 299747
AD-512-50000 9344806759 676879 267322
LA-512-100000 21077591993 614532 352206
LRUAD-512-100000 21456565161 606957 359738
LHDAD-512-100000 21584514448 604142 362564
TwoQ-512-100000 26764726479 502575 463345
LRUK-512-100000 21733068077 601257 365409
LHD-512-100000 22830535643 579780 386784
LRU-512-100000 26869981931 500870 465334
Belady-512-100000 22000818805 594273 374994
AD-512-100000 19875408943 637570 329163
