TwoQ-256-1 1461173 512808 204
LRUK-256-1 1445946 517879 217
LHD-256-1 1534876 488206 258
LRU-256-1 1762157 412281 503
Belady-256-1 1029777 656654 138
AD-256-1 2596771 129169 7809
TwoQ-256-10 5845594 512572 552
LRUK-256-10 5781990 517896 537
LHD-256-10 6119412 489703 657
LRU-256-10 7046036 412091 1370
Belady-256-10 4118399 656608 368
AD-256-10 9986562 162520 5855
TwoQ-256-100 49536620 512155 4305
LRUK-256-100 48966830 517776 4212
LHD-256-100 50565239 501932 4545
LRU-256-100 59666874 409644 10520
Belady-256-100 34956705 655810 2896
AD-256-100 77836574 233751 3430
TwoQ-256-1000 473118898 508883 37772
LRUK-256-1000 465371696 517592 35863
LHD-256-1000 474344044 507427 38281
LRU-256-1000 567198781 392879 82075
Belady-256-1000 339196200 648348 26225
AD-256-1000 604792631 395161 1826
TwoQ-256-2000 920662247 505573 69010
LRUK-256-2000 900865710 517491 64788
LHD-256-2000 932648719 497288 73502
LRU-256-2000 1099746597 381501 138199
Belady-256-2000 669637080 641004 48942
AD-256-2000 1074231195 452997 12005
TwoQ-256-5000 2158112526 498954 139242
LRUK-256-5000 2096149895 516965 127968
LHD-256-5000 2200271170 485538 149378
LRU-256-5000 2568993764 365611 241620
Belady-256-5000 1626756896 622827 103917
AD-256-5000 2273959408 466737 109798
TwoQ-256-10000 4027622737 489517 216153
LRUK-256-10000 3861320844 516920 194286
LHD-256-10000 4067294044 481861 223135
LRU-256-10000 4768791179 356725 333026
Belady-256-10000 3144434570 601436 168241
AD-256-10000 3922609266 502070 175808
TwoQ-256-20000 7430455173 476156 305661
LRUK-256-20000 7045098124 511212 274044
LHD-256-20000 7415376274 477299 305051
LRU-256-20000 8697019811 356432 418966
Belady-256-20000 6054620035 573832 247922
AD-256-20000 6774848914 527686 246230
TwoQ-256-50000 17052336420 447587 425235
LRUK-256-50000 15662515703 501364 373130
LHD-256-50000 16595313930 465149 408497
LRU-256-50000 19222433121 362018 509729
Belady-256-50000 14615771011 528213 361506
AD-256-50000 14756739833 529023 344205
TwoQ-256-100000 34565159330 392545 529989
LRUK-256-100000 30394134011 474691 448863
LHD-256-100000 32100654323 441422 481944
LRU-256-100000 36887570159 346624 576203
Belady-256-100000 29793250774 480197 449928
AD-256-100000 28844265928 500810 422709
