LA-256-1 777784 461302 16
LRUAD-256-1 925698 317760 45
LHDAD-256-1 875092 366611 24
LRU-256-1 926222 317244 46
LA-256-10 5619637 462001 44
LRUAD-256-10 7064867 317795 143
LHDAD-256-10 6573901 366745 78
LRU-256-10 7070901 317192 145
LA-256-100 53791565 464369 264
LRUAD-256-100 68382909 317983 1224
LHDAD-256-100 63483928 367307 550
LRU-256-100 68531229 316481 1263
LA-8-1000 621334397 376525 4813
LA-16-1000 601616290 396838 3635
LA-32-1000 587543360 411198 3058
LA-64-1000 571163152 427772 2662
LA-128-1000 554168743 444918 2356
LA-256-1000 535148649 464038 2155
LA-512-1000 515016748 484217 2053
LRUAD-8-1000 805131257 175595 39203
LRUAD-16-1000 793463432 189411 34877
LRUAD-32-1000 774532790 211424 28700
LRUAD-64-1000 747532845 242039 21454
LRUAD-128-1000 713421992 279509 14738
LRUAD-256-1000 675186308 320286 9641
LRUAD-512-1000 636028835 361004 6488
LHDAD-8-1000 707705559 286709 11734
LHDAD-16-1000 698662909 296365 10459
LHDAD-32-1000 691828374 303585 9724
LHDAD-64-1000 678677161 317371 8451
LHDAD-128-1000 657552765 339384 6683
LHDAD-256-1000 626328473 371783 4294
LHDAD-512-1000 583695422 415231 2688
LRU-8-1000 885635812 55689 118006
LRU-16-1000 857177929 99230 88003
LRU-32-1000 819743478 151370 58532
LRU-64-1000 776036204 206921 34661
LRU-128-1000 730435408 259864 20029
LRU-256-1000 684318970 310236 11489
LRU-512-1000 640058289 356733 6980
LA-256-2000 1069773663 463283 3992
LRUAD-256-2000 1338622434 322645 16506
LHDAD-256-2000 1238079265 377423 7426
LRU-256-2000 1370774190 303871 22010
LA-256-5000 2673429215 460815 9265
LRUAD-256-5000 3284892772 327564 31308
LHDAD-256-5000 3015449208 389855 14383
LRU-256-5000 3441520555 287022 49942
LA-256-10000 5347897957 456805 17215
LRUAD-256-10000 6448754178 331537 48030
LHDAD-256-10000 5875403128 401195 23130
LRU-256-10000 6918347677 265361 86890
LA-256-20000 10719464693 450166 29907
LRUAD-256-20000 12601955415 338217 66414
LHDAD-256-20000 11461450308 410061 36170
LRU-256-20000 14001160590 229993 143793
LA-256-50000 26945038819 436294 56641
LRUAD-256-50000 30268573051 355608 87750
LHDAD-256-50000 28325262349 405168 64549
LRU-256-50000 35855403388 171627 238934
LA-256-100000 54628588686 423557 79971
LRUAD-256-100000 57813746835 387531 91686
LHDAD-256-100000 57265932881 393905 89137
LRU-256-100000 74392483102 121920 315419
LA-512-1 754341 482773 15
LRUAD-512-1 879277 361696 31
LHDAD-512-1 824688 413433 17
LRU-512-1 879484 361491 31
LA-512-10 5403174 483375 41
LRUAD-512-10 6623689 361682 100
LHDAD-512-10 6102468 413549 53
LRU-512-10 6626121 361439 100
LA-512-100 51791813 484336 250
LRUAD-512-100 64041631 361623 745
LHDAD-512-100 58859957 413639 308
LRU-512-100 64104311 360990 756
LA-8-1000 621334397 376525 4813
LA-16-1000 601616290 396838 3635
LA-32-1000 587543360 411198 3058
LA-64-1000 571163152 427772 2662
LA-128-1000 554168743 444918 2356
LA-256-1000 535148649 464038 2155
LA-512-1000 515016748 484217 2053
LRUAD-8-1000 805131257 175595 39203
LRUAD-16-1000 793463432 189411 34877
LRUAD-32-1000 774532790 211424 28700
LRUAD-64-1000 747532845 242039 21454
LRUAD-128-1000 713421992 279509 14738
LRUAD-256-1000 675186308 320286 9641
LRUAD-512-1000 636028835 361004 6488
LHDAD-8-1000 707705559 286709 11734
LHDAD-16-1000 698662909 296365 10459
LHDAD-32-1000 691828374 303585 9724
LHDAD-64-1000 678677161 317371 8451
LHDAD-128-1000 657552765 339384 6683
LHDAD-256-1000 626328473 371783 4294
LHDAD-512-1000 583695422 415231 2688
LRU-8-1000 885635812 55689 118006
LRU-16-1000 857177929 99230 88003
LRU-32-1000 819743478 151370 58532
LRU-64-1000 776036204 206921 34661
LRU-128-1000 730435408 259864 20029
LRU-256-1000 684318970 310236 11489
LRU-512-1000 640058289 356733 6980
LA-512-2000 1029612145 483464 3788
LRUAD-512-2000 1267908445 360352 11783
LHDAD-512-2000 1162361561 416447 5060
LRU-512-2000 1282470265 352236 13479
LA-512-5000 2574298639 480919 8727
LRUAD-512-5000 3145482535 358694 24776
LHDAD-512-5000 2875718574 419263 11458
LRU-512-5000 3223322415 339511 32081
LA-512-10000 5153485203 476735 16224
LRUAD-512-10000 6236765764 356266 40866
LHDAD-512-10000 5684220927 421586 20447
LRU-512-10000 6498328307 320859 59473
LA-512-20000 10341577377 469872 28199
LRUAD-512-20000 12299479795 356838 59287
LHDAD-512-20000 11184653637 425128 33644
LRU-512-20000 13209756114 288365 105532
LA-512-50000 26072303496 455078 53657
LRUAD-512-50000 29832723386 366858 82474
LHDAD-512-50000 27400338899 426045 59158
LRU-512-50000 34167238460 222485 199023
LA-512-100000 52998901762 441201 76303
LRUAD-512-100000 57227958014 394243 89334
LHDAD-512-100000 55305748259 416190 81761
LRU-512-100000 72668706268 155481 286047
